MSA长度不匹配报告
============================================================

总计不匹配文件数: 272

详细信息:
------------------------------------------------------------
文件名                  序列长度       MSA长度      差异        
------------------------------------------------------------
1am0_A               16         40         24        
1aq3_R               16         19         3         
1aq4_R               16         19         3         
1d4r_B               29         28         1         
1d4r_C               29         28         1         
1h3e_B               84         83         1         
1jgo_1               27         6          21        
1jgp_1               32         6          26        
1jgq_1               36         3          33        
1r9f_B               20         19         1         
1r9f_C               20         19         1         
1urn_P               20         17         3         
1urn_R               20         18         2         
1ysh_F               34         33         1         
2dlc_Y               74         69         5         
2f8k_B               16         15         1         
2hvy_E               61         57         4         
2nqp_F               71         68         3         
2nr0_H               65         63         2         
2qkb_C               20         19         1         
2xli_B               16         15         1         
2xlj_B               16         15         1         
2xlk_C               16         15         1         
2xlk_D               16         15         1         
2xnw_A               65         64         1         
2xo1_A               65         64         1         
2y9h_B               19         18         1         
2y9h_D               19         18         1         
2y9h_F               19         18         1         
2y9h_H               19         18         1         
2y9h_J               19         18         1         
2y9h_L               19         18         1         
2ygh_A               95         94         1         
2z75_B               123        122        1         
2zi0_C               20         19         1         
2zi0_D               20         19         1         
2zue_B               76         75         1         
2zuf_B               76         75         1         
357d_C               31         30         1         
364d_C               31         30         1         
3boy_D               22         21         1         
3dd2_B               26         25         1         
3f4e_X               54         53         1         
3f4g_X               54         53         1         
3f4h_X               54         53         1         
3f73_C               16         14         2         
3fu2_A               32         31         1         
3fu2_B               33         32         1         
3fu2_C               32         31         1         
3hax_E               60         58         2         
3hay_E               69         68         1         
3hjf_X               17         16         1         
3hk2_C               17         16         1         
3hk2_E               17         16         1         
3id5_D               34         33         1         
3id5_H               34         33         1         
3izd_A               151        138        13        
3jcm_D               45         44         1         
3k1v_A               30         29         1         
3ol6_B               18         17         1         
3ol6_F               18         17         1         
3ol6_J               19         18         1         
3ol6_N               19         18         1         
3ol7_B               18         17         1         
3ol7_F               18         17         1         
3ol8_B               17         16         1         
3ol8_F               17         16         1         
3ol8_J               17         16         1         
3ol8_N               17         16         1         
3ol9_B               18         17         1         
3ol9_F               18         17         1         
3ol9_J               19         18         1         
3ol9_N               19         18         1         
3olb_B               18         17         1         
3olb_F               18         17         1         
3olb_J               19         18         1         
3olb_N               19         18         1         
3ovb_C               35         34         1         
3q1q_C               86         83         3         
3q1r_C               86         83         3         
3slq_B               68         65         3         
3snp_C               30         29         1         
3snp_D               30         29         1         
3wfr_A               74         73         1         
3wfr_B               74         73         1         
3wfr_C               75         74         1         
3wfr_D               75         74         1         
3zgz_B               82         79         3         
3zgz_E               80         78         2         
3zjt_B               83         82         1         
4al5_B               18         16         2         
4al6_B               16         15         1         
4aq7_B               79         78         1         
4aq7_E               77         76         1         
4gxy_A               163        162        1         
4j1g_E               45         44         1         
4jnx_B               20         19         1         
4jnx_G               20         19         1         
4k50_B               33         32         1         
4k50_J               33         32         1         
4k50_N               32         31         1         
4l8r_D               19         18         1         
4meg_A               18         16         2         
4meh_A               22         20         2         
4meh_B               122        120        2         
4nyb_A               80         79         1         
4nyc_A               80         79         1         
4nyd_A               80         79         1         
4nyg_A               79         77         2         
4oo8_C               21         20         1         
4oo8_F               23         22         1         
4rum_A               93         92         1         
4rwp_B               19         18         1         
4ts0_Y               47         46         1         
4ts2_Y               47         46         1         
4un4_A               82         81         1         
4un5_A               82         81         1         
4v2s_Q               58         57         1         
4w5n_B               18         17         1         
4w5o_B               20         19         1         
4w92_C               96         95         1         
4x4t_B               34         31         3         
4ycp_B               62         60         2         
4z4c_B               19         18         1         
4z4e_B               19         18         1         
4z4g_B               20         19         1         
4z4h_B               20         19         1         
4z4i_B               20         19         1         
5aox_C               87         85         2         
5aox_F               87         85         2         
5axw_B               73         72         1         
5b2o_B               94         93         1         
5b2p_B               94         93         1         
5b2q_B               94         93         1         
5c45_X               54         53         1         
5c7w_C               67         65         2         
5czz_B               73         72         1         
5ew4_A               20         19         1         
5ew4_B               21         20         1         
5ew7_A               20         19         1         
5ew7_B               21         20         1         
5fq5_A               83         81         2         
5gmk_L               102        127        25        
5it9_i               192        185        7         
5kk5_B               40         39         1         
5kx9_X               53         52         1         
5lj3_Z               107        171        64        
5lj5_Z               107        171        64        
5lyv_A               57         56         1         
5lyv_B               57         56         1         
5mq0_2               94         155        61        
5msg_R               18         17         1         
5nfv_B               42         40         2         
5nfv_C               38         37         1         
5nfv_D               25         24         1         
5ng6_B               25         24         1         
5ng6_D               25         24         1         
5ng6_F               25         24         1         
5ng6_H               25         24         1         
5o6u_A               43         42         1         
5o7h_A               43         42         1         
5oik_N               43         34         9         
5omw_E               77         76         1         
5on2_E               81         80         1         
5on3_B               79         78         1         
5on3_E               79         78         1         
5onh_E               83         82         1         
5t83_A               90         89         1         
5tc1_R               77         242        165       
5w1h_B               42         41         1         
5w1i_B               41         39         2         
5w1i_D               39         37         2         
5wlh_B               43         42         1         
5wqe_B               60         59         1         
5wsg_L               66         91         25        
5xh6_B               40         39         1         
5xh7_B               40         39         1         
5xow_G               18         17         1         
5xpa_D               19         18         1         
5xpg_G               17         16         1         
5y6z_F               18         17         1         
5zw4_D               16         15         1         
5zwo_H               88         150        62        
6bfb_X               54         53         1         
6bk8_2               74         135        61        
6c4h_A               94         636        542       
6c65_C               35         34         1         
6c66_N               38         37         1         
6cbd_B               19         18         1         
6cc1_A               94         93         1         
6cc1_B               100        99         1         
6ck4_C               108        106        2         
6ck4_D               101        99         2         
6dn3_X               54         53         1         
6dvk_H               95         94         1         
6exn_2               88         136        48        
6exn_I               39         38         1         
6i1k_B               40         39         1         
6i1l_E               40         39         1         
6j6g_L               134        208        74        
6j6h_L               135        209        74        
6j6n_L               131        205        74        
6j6q_L               136        210        74        
6joo_B               96         95         1         
6k4p_A               82         81         1         
6m0v_B               71         70         1         
6m0w_B               72         71         1         
6m0x_B               71         70         1         
6mdz_F               17         14         3         
6mfr_E               22         21         1         
6mfr_F               16         14         2         
6ne0_O               21         20         1         
6nit_C               18         17         1         
6nit_E               21         19         2         
6nit_F               20         19         1         
6p7m_B               26         25         1         
6p7n_B               26         25         1         
6p7n_F               26         25         1         
6sqn_Y               17         16         1         
6sqn_Z               16         15         1         
6sy4_C               37         36         1         
6uvn_M               61         60         1         
6v9b_D               27         25         2         
6v9q_K               61         60         1         
6vbw_K               61         60         1         
6wpi_B               40         39         1         
6ymi_O               26         25         1         
6ymj_A               26         25         1         
6ymj_F               26         25         1         
6ymj_I               26         25         1         
6ymj_M               26         25         1         
6ytf_3               76         453        377       
7af3_1               69         456        387       
7af5_1               69         456        387       
7af8_1               69         456        387       
7afa_1               69         456        387       
7afd_1               69         456        387       
7afh_1               69         456        387       
7afk_1               69         456        387       
7afn_1               69         456        387       
7bge_a               63         465        402       
7d8o_B               37         36         1         
7d8o_D               37         36         1         
7d8o_F               37         36         1         
7d8o_H               37         36         1         
7d8o_J               37         36         1         
7d8o_L               37         36         1         
7e9i_A               33         32         1         
7efi_A               19         17         2         
7el1_B               73         72         1         
7eni_B               69         68         1         
7enr_B               92         91         1         
7jnh_A               25         23         2         
7jzw_M               61         60         1         
7jzx_M               61         60         1         
7jzy_M               61         60         1         
7jzz_M               61         60         1         
7k98_C               77         76         1         
7k98_F               77         76         1         
7l49_C               30         29         1         
7mky_A               66         65         1         
7oqb_2               79         143        64        
7os0_D               48         47         1         
7os0_F               48         47         1         
7ox8_A               84         82         2         
7ox9_A               84         82         2         
7td7_A               78         74         4         
7tda_A               80         77         3         
7tdb_A               80         77         3         
7tdc_A               80         77         3         
7v6c_C               21         20         1         
7v6c_D               21         20         1         
------------------------------------------------------------

统计信息:
平均差异: 21.28
最大差异: 542
最小差异: 1
